kinematics:
  shoulder:
    x: 0
    y: 0
    z: 0.1519259015904289
    roll: -0
    pitch: 0
    yaw: -1.1293909342458e-07
  upper_arm:
    x: -0.0001370676592097649
    y: 0
    z: 0
    roll: 1.571725418768913
    pitch: 0
    yaw: -5.294650083867179e-07
  forearm:
    x: -0.2437149305057097
    y: 0
    z: 0
    roll: 0.002059892289780377
    pitch: 0.0006563602836489302
    yaw: -5.562240334876417e-06
  wrist_1:
    x: -0.2133838260374903
    y: -0.0005370644663241212
    z: 0.1307819276378087
    roll: 0.00410654176046437
    pitch: 0.0003206915222682098
    yaw: 5.375131989181878e-07
  wrist_2:
    x: 1.799137086818951e-05
    y: -0.08542514867462707
    z: -6.396746328273831e-05
    roll: 1.571545139671658
    pitch: 0
    yaw: 9.408247541933812e-07
  wrist_3:
    x: -6.666093506123112e-05
    y: 0.09228014331140766
    z: -5.391948881883093e-05
    roll: 1.570212024682353
    pitch: 3.141592653589793
    yaw: 3.14159252471372
  hash: calib_7629203897996948725