kinematics:
  shoulder:
    x: 0
    y: 0
    z: 0.1516100101079645
    roll: -0
    pitch: 0
    yaw: 6.274396387173642e-08
  upper_arm:
    x: -4.753865656336595e-05
    y: 0
    z: 0
    roll: 1.56976504634366
    pitch: 0
    yaw: 7.415136330584192e-06
  forearm:
    x: -0.2436235790442909
    y: 0
    z: 0
    roll: 3.138094047070044
    pitch: 3.140765830848554
    yaw: -3.141591404178474
  wrist_1:
    x: -0.2130254731681487
    y: -0.0007111673718004361
    z: 0.1309852485959661
    roll: 0.005429316595590966
    pitch: -0.0001298654807098319
    yaw: 4.130426014508427e-06
  wrist_2:
    x: -2.596858209164357e-05
    y: -0.085378755580564
    z: -9.371950564897204e-06
    roll: 1.57090609591092
    pitch: 0
    yaw: 1.042537117898479e-05
  wrist_3:
    x: -0.0001303602123401977
    y: 0.09192544399998816
    z: -5.848136815117119e-05
    roll: 1.570160144278753
    pitch: 3.141592653589793
    yaw: -3.141592528528039
  hash: calib_6371328943729423231